0 0.709703 0.551840 0.060687 0.062014
0 0.374000 0.517646 0.047969 0.067931
0 0.821996 0.559021 0.068773 0.055764
0 0.179156 0.404229 0.028984 0.039681
0 0.191359 0.431493 0.038891 0.058403
0 0.212457 0.391937 0.023680 0.035014
0 0.251379 0.403667 0.031617 0.035028
0 0.282379 0.405424 0.031617 0.035014
0 0.299855 0.423014 0.031617 0.035028
0 0.358559 0.414806 0.031617 0.035028
0 0.345695 0.431806 0.031609 0.035028
0 0.390051 0.428597 0.031617 0.035028
0 0.274309 0.488090 0.038883 0.041431
0 0.321098 0.479924 0.035898 0.041431
0 0.424316 0.566549 0.052336 0.080403
0 0.301055 0.650069 0.051656 0.093056
0 0.682031 0.497563 0.052500 0.052875
0 0.565293 0.478840 0.051898 0.052153
0 0.962680 0.604542 0.074641 0.071000
0 0.651461 0.444938 0.123484 0.080431
0 0.258871 0.546056 0.041852 0.098833
0 0.502504 0.421826 0.109367 0.080431
0 0.257437 0.941403 0.098781 0.117194
0 0.225137 0.401444 0.031617 0.035028
0 0.470551 0.968514 0.109367 0.062972
0 0.633707 0.866292 0.149148 0.161139
0 0.332496 0.536979 0.043039 0.062375
0 0.778430 0.655236 0.084578 0.071583
0 0.567648 0.498556 0.055547 0.091250
0 0.800590 0.506889 0.063258 0.047667
