0 0.430516 0.423104 0.046500 0.048264
0 0.516031 0.439229 0.046500 0.048264
0 0.257699 0.456569 0.036164 0.040472
0 0.243492 0.431028 0.036172 0.040472
0 0.286762 0.404910 0.028977 0.033792
0 0.326289 0.417132 0.028969 0.033792
0 0.380656 0.424354 0.028969 0.033792
0 0.365352 0.441021 0.034609 0.034903
0 0.248328 0.517125 0.041469 0.069361
0 0.206000 0.401583 0.036172 0.040472
0 0.175988 0.394076 0.028695 0.028792
0 0.969727 0.729535 0.060547 0.117319
0 0.595125 0.528715 0.048922 0.060597
0 0.532348 0.674667 0.070008 0.105194
0 0.499820 0.556868 0.065250 0.073042
0 0.839027 0.618604 0.091758 0.080875
0 0.342871 0.543014 0.040086 0.067778
0 0.353422 0.465382 0.048797 0.066292
0 0.440617 0.581764 0.052109 0.067083
0 0.447813 0.457743 0.046500 0.048264
0 0.626020 0.499549 0.052102 0.053181
0 0.491508 0.462472 0.038531 0.040222
0 0.722699 0.548438 0.064523 0.070153
0 0.283426 0.596250 0.094820 0.178889
0 0.832848 0.552104 0.091758 0.080875
