0 0.877773 0.645674 0.082687 0.071264
0 0.521508 0.653722 0.071312 0.110250
0 0.850840 0.694007 0.089523 0.083181
0 0.211133 0.405375 0.031984 0.031417
0 0.340656 0.542938 0.051359 0.061986
0 0.284801 0.690958 0.060633 0.132806
0 0.409402 0.675194 0.059086 0.113833
0 0.443230 0.461840 0.039773 0.037375
0 0.456969 0.452625 0.031031 0.032056
0 0.487184 0.442465 0.035773 0.027236
0 0.485324 0.426979 0.038102 0.028403
0 0.375465 0.409049 0.032070 0.033542
0 0.313090 0.401021 0.032070 0.033542
0 0.496898 0.544132 0.051359 0.061986
0 0.421426 0.541715 0.056055 0.069069
0 0.264965 0.482132 0.043664 0.046514
0 0.238176 0.516646 0.043539 0.059486
0 0.970961 0.590625 0.056141 0.139861
0 0.672031 0.959861 0.116875 0.080278
0 0.595660 0.464222 0.039773 0.037361
0 0.228871 0.451944 0.043664 0.046500
0 0.239953 0.409285 0.031984 0.031403
0 0.715336 0.513646 0.055375 0.059792
0 0.366016 0.434931 0.040141 0.047306
0 0.315027 0.426076 0.026727 0.032653
0 0.456187 0.604014 0.051344 0.077194
0 0.774734 0.870417 0.118641 0.148306
0 0.576258 0.483083 0.050875 0.052889
0 0.267227 0.587076 0.047422 0.076542
0 0.246949 0.907264 0.098727 0.153556
0 0.226047 0.388181 0.031984 0.031417
0 0.265539 0.396771 0.031984 0.031403
0 0.173660 0.391750 0.023930 0.025667
0 0.700340 0.598917 0.066695 0.071306
