0 0.507133 0.464465 0.040359 0.037986
0 0.874926 0.697778 0.079148 0.081972
0 0.195219 0.442792 0.026250 0.042028
0 0.179652 0.413667 0.019617 0.029333
0 0.634105 0.561507 0.048680 0.050625
0 0.335504 0.432965 0.029320 0.035653
0 0.664336 0.525507 0.049375 0.060931
0 0.185598 0.474660 0.029805 0.047486
0 0.598062 0.641382 0.077625 0.088069
0 0.830715 0.612056 0.071617 0.062139
0 0.985582 0.636264 0.028383 0.087583
0 0.307414 0.529340 0.047016 0.072653
0 0.239656 0.521167 0.040266 0.063167
0 0.382117 0.624201 0.050766 0.077236
0 0.343957 0.410493 0.029742 0.035125
0 0.231133 0.399271 0.026328 0.028958
0 0.426625 0.900903 0.117531 0.198194
0 0.569145 0.445139 0.042320 0.054028
0 0.564082 0.493986 0.042320 0.054028
0 0.189352 0.393417 0.020938 0.025111
0 0.258363 0.410125 0.032414 0.037111
0 0.345371 0.492701 0.042320 0.054014
0 0.294223 0.464104 0.042320 0.054014
0 0.853082 0.942514 0.107055 0.108250
0 0.273965 0.839493 0.085648 0.135764
0 0.423809 0.421687 0.037070 0.034153
