0 0.820402 0.924792 0.161508 0.150417
0 0.259340 0.556917 0.046836 0.076667
0 0.266207 0.478486 0.039602 0.063778
0 0.386320 0.626479 0.060344 0.094069
0 0.482926 0.471910 0.041492 0.029542
0 0.575605 0.480167 0.052039 0.051056
0 0.305461 0.414583 0.021547 0.027222
0 0.586324 0.526979 0.043836 0.049375
0 0.456562 0.589132 0.055906 0.070347
0 0.482750 0.442292 0.040453 0.037639
0 0.614820 0.477410 0.038797 0.036569
0 0.345918 0.490396 0.054914 0.066431
0 0.528711 0.726479 0.068359 0.103097
0 0.718422 0.604090 0.064609 0.080347
0 0.850078 0.562396 0.061766 0.079153
0 0.785410 0.561993 0.099039 0.095264
0 0.276934 0.604681 0.046836 0.076667
0 0.249770 0.396569 0.021883 0.026583
0 0.212340 0.400743 0.023711 0.028514
0 0.184141 0.387882 0.023719 0.028514
0 0.168598 0.399451 0.023711 0.028514
0 0.374664 0.439604 0.033844 0.029125
0 0.405387 0.432875 0.033852 0.029111
0 0.453828 0.524132 0.055906 0.070347
0 0.775039 0.423563 0.054141 0.060431
