0 0.973633 0.820250 0.052734 0.136028
0 0.553758 0.464993 0.035781 0.040097
0 0.348156 0.402694 0.027922 0.033278
0 0.418281 0.433375 0.040313 0.033972
0 0.467348 0.451389 0.040352 0.027833
0 0.663117 0.959028 0.122406 0.081944
0 0.707066 0.505667 0.056852 0.056694
0 0.597602 0.826569 0.094047 0.139778
0 0.628617 0.510549 0.052250 0.047597
0 0.650879 0.573160 0.051320 0.038792
0 0.308668 0.521285 0.039961 0.057486
0 0.544996 0.502125 0.044727 0.050056
0 0.657918 0.699174 0.088586 0.113542
0 0.401004 0.677424 0.060992 0.114903
0 0.443539 0.502944 0.049437 0.066778
0 0.498109 0.628722 0.066484 0.102194
0 0.766156 0.642278 0.077375 0.085111
0 0.920125 0.651618 0.100234 0.102764
0 0.369398 0.587653 0.046719 0.076750
0 0.390766 0.585007 0.090297 0.082125
0 0.409316 0.582924 0.053508 0.068403
0 0.193617 0.453347 0.032406 0.041250
0 0.529547 0.584660 0.054984 0.057486
0 0.169422 0.398257 0.018500 0.030708
0 0.188848 0.392264 0.020148 0.025778
0 0.236316 0.400326 0.024867 0.030653
0 0.218906 0.405958 0.024859 0.030639
0 0.263020 0.416139 0.024867 0.030639
0 0.247797 0.446062 0.032406 0.041236
0 0.257469 0.481556 0.032406 0.041250
0 0.466238 0.420736 0.040352 0.027833
0 0.407672 0.417917 0.040313 0.033972
0 0.343957 0.424951 0.029852 0.027431
0 0.295687 0.418271 0.029844 0.027431
0 0.332086 0.484757 0.042500 0.050653
0 0.376012 0.519924 0.042492 0.050653
0 0.380160 0.479118 0.042492 0.050653
0 0.530535 0.458007 0.029820 0.040819
0 0.877641 0.931986 0.156438 0.136028
