0 0.636078 0.481431 0.046484 0.041306
0 0.459148 0.472965 0.044328 0.035292
0 0.825617 0.553174 0.072453 0.071042
0 0.765852 0.602361 0.068687 0.075500
0 0.559059 0.775174 0.082117 0.124764
0 0.835090 0.689382 0.090305 0.084542
0 0.555629 0.460847 0.035242 0.038972
0 0.282715 0.652715 0.056102 0.099875
0 0.502848 0.649896 0.069930 0.107847
0 0.245195 0.468882 0.037844 0.045958
0 0.396699 0.429840 0.020930 0.020986
0 0.350258 0.441347 0.024984 0.028611
0 0.485961 0.455889 0.028578 0.034333
0 0.323359 0.529882 0.047531 0.062819
0 0.426008 0.945458 0.115953 0.109083
0 0.219164 0.933118 0.123750 0.133764
0 0.257766 0.550854 0.045672 0.055236
0 0.385477 0.481889 0.042828 0.047611
0 0.318195 0.474667 0.042828 0.047611
0 0.275695 0.415458 0.030234 0.039528
0 0.205941 0.392299 0.036086 0.039569
0 0.323594 0.421875 0.030234 0.039528
0 0.300648 0.401875 0.030234 0.039528
0 0.622113 0.452639 0.044680 0.041333
0 0.615371 0.503882 0.047820 0.042181
0 0.961883 0.716528 0.076234 0.096944
