0 0.397578 0.657521 0.069687 0.137236
0 0.610254 0.474090 0.050336 0.051625
0 0.447281 0.573403 0.053781 0.065833
0 0.979398 0.580125 0.041125 0.071694
0 0.936516 0.692208 0.085641 0.076556
0 0.282738 0.782111 0.078508 0.169556
0 0.663152 0.476292 0.043758 0.030861
0 0.855207 0.962799 0.076773 0.074403
0 0.334047 0.547896 0.051547 0.063625
0 0.283582 0.628951 0.047430 0.068819
0 0.274543 0.585688 0.047430 0.068819
0 0.240691 0.520625 0.038898 0.045694
0 0.343754 0.498333 0.043898 0.052778
0 0.344777 0.468424 0.040914 0.046569
0 0.498508 0.482243 0.053297 0.056903
0 0.450586 0.470194 0.039281 0.048833
0 0.538887 0.439014 0.040289 0.047083
0 0.474680 0.426076 0.045328 0.052431
0 0.392414 0.446590 0.039281 0.048819
0 0.383398 0.427000 0.035234 0.034611
0 0.375344 0.415347 0.029281 0.039861
0 0.315184 0.417194 0.032227 0.041750
0 0.263996 0.411819 0.029195 0.039972
0 0.235918 0.402000 0.029195 0.039972
0 0.190273 0.404708 0.022172 0.029333
0 0.171719 0.391306 0.022172 0.029333
0 0.212867 0.441257 0.029219 0.034708
0 0.200797 0.479132 0.033703 0.037375
0 0.263770 0.450153 0.040273 0.034694
0 0.239434 0.470667 0.040273 0.034694
0 0.544152 0.583903 0.071070 0.093083
0 0.675066 0.951486 0.098148 0.097028
0 0.522504 0.693181 0.066523 0.116250
0 0.682719 0.721694 0.086203 0.128083
0 0.811191 0.676153 0.085023 0.082917
0 0.676910 0.580743 0.062211 0.066819
0 0.929129 0.608486 0.083602 0.075306
0 0.596523 0.529813 0.038641 0.048931
