0 0.289469 0.501903 0.037484 0.041806
0 0.560852 0.510090 0.048672 0.048569
0 0.454930 0.958889 0.108187 0.082222
0 0.654465 0.523458 0.059820 0.047861
0 0.170523 0.415972 0.022781 0.025639
0 0.191066 0.437931 0.027289 0.045444
0 0.866848 0.720812 0.096039 0.097514
0 0.620637 0.550562 0.052273 0.055542
0 0.267316 0.539250 0.040164 0.069194
0 0.208254 0.480021 0.033461 0.060264
0 0.221785 0.397472 0.034711 0.045000
0 0.661637 0.496069 0.059820 0.047861
0 0.508703 0.442903 0.119469 0.135583
0 0.358227 0.419187 0.033875 0.036875
0 0.350824 0.439812 0.036180 0.048708
0 0.221684 0.425236 0.034711 0.045000
0 0.432863 0.441194 0.049195 0.056472
0 0.736094 0.626222 0.065125 0.059917
0 0.425641 0.506722 0.045625 0.056250
0 0.365297 0.511257 0.045625 0.056236
0 0.502387 0.554028 0.049195 0.056472
0 0.240484 0.466326 0.041906 0.049708
0 0.396125 0.691528 0.059344 0.093444
0 0.745027 0.559569 0.055695 0.054778
0 0.779273 0.545604 0.044672 0.039958
