0 0.230258 0.472229 0.033391 0.032792
0 0.328762 0.536514 0.042789 0.072972
0 0.990824 0.642319 0.018023 0.057972
0 0.438078 0.582187 0.048578 0.062819
0 0.623305 0.679708 0.078016 0.101861
0 0.292566 0.503799 0.040148 0.049764
0 0.552844 0.472118 0.052297 0.055625
0 0.262273 0.898542 0.121719 0.191667
0 0.778332 0.642958 0.087617 0.117111
0 0.842543 0.615944 0.072773 0.069472
0 0.616543 0.497646 0.051570 0.059653
0 0.285625 0.625569 0.053938 0.103528
0 0.736105 0.518403 0.052773 0.050639
0 0.700043 0.537701 0.057023 0.058625
0 0.476270 0.632667 0.059898 0.081889
0 0.377770 0.514694 0.042789 0.072972
0 0.462750 0.519347 0.049500 0.072972
0 0.541867 0.583111 0.056109 0.087944
0 0.383129 0.486569 0.040148 0.055889
0 0.407391 0.450132 0.029672 0.040347
0 0.370219 0.444986 0.029672 0.040361
0 0.465336 0.452215 0.034016 0.040347
0 0.517484 0.433104 0.052297 0.055625
0 0.322867 0.446021 0.038344 0.041181
0 0.298473 0.404465 0.027305 0.035458
0 0.251996 0.402118 0.027305 0.035458
0 0.266395 0.416063 0.027055 0.029264
0 0.267816 0.438785 0.031398 0.029264
0 0.273191 0.464382 0.034867 0.037069
0 0.234266 0.441882 0.039750 0.032792
0 0.226855 0.402917 0.029648 0.026111
0 0.173008 0.378389 0.075547 0.072667
0 0.660980 0.472257 0.061477 0.059653
0 0.339008 0.420563 0.038344 0.041181
0 0.974359 0.817743 0.051281 0.087153
