0 0.368859 0.473535 0.040781 0.045569
0 0.293238 0.778486 0.072430 0.150000
0 0.737738 0.492535 0.051555 0.051847
0 0.748547 0.577972 0.070609 0.064361
0 0.544289 0.733528 0.073797 0.110306
0 0.301063 0.596229 0.042797 0.074347
0 0.897281 0.460250 0.070922 0.064389
0 0.508844 0.566375 0.054641 0.063167
0 0.328020 0.541375 0.038570 0.062972
0 0.292254 0.506646 0.039008 0.062097
0 0.251699 0.551090 0.041086 0.049458
0 0.322051 0.417250 0.041477 0.034167
0 0.333816 0.486021 0.042555 0.046042
0 0.913605 0.608139 0.082945 0.086500
0 0.732148 0.799514 0.118516 0.177917
0 0.389977 0.635792 0.084031 0.184306
0 0.432758 0.569375 0.054641 0.063167
0 0.431617 0.508556 0.054641 0.063167
0 0.403293 0.414174 0.036523 0.036653
0 0.293781 0.433424 0.044719 0.043597
0 0.258824 0.472868 0.045773 0.063153
0 0.260773 0.413861 0.041156 0.039806
0 0.214797 0.405951 0.025906 0.032819
0 0.195105 0.387681 0.025914 0.032833
0 0.920742 0.549125 0.070609 0.064361
0 0.177766 0.430771 0.027766 0.040403
