0 0.589191 0.452271 0.049477 0.053764
0 0.271941 0.832722 0.080508 0.161889
0 0.686523 0.742688 0.090188 0.116347
0 0.497332 0.481389 0.042758 0.038750
0 0.462691 0.949444 0.114289 0.095083
0 0.762918 0.409319 0.037430 0.050444
0 0.965617 0.707667 0.064375 0.065278
0 0.635223 0.557438 0.058961 0.051931
0 0.772852 0.652861 0.078312 0.090583
0 0.814422 0.519597 0.059906 0.057917
0 0.768801 0.568944 0.067367 0.067306
0 0.608117 0.889674 0.110719 0.182292
0 0.275813 0.707993 0.062688 0.101264
0 0.319207 0.404771 0.028570 0.030958
0 0.326746 0.425153 0.034852 0.035861
0 0.264199 0.407160 0.023773 0.023847
0 0.190738 0.397521 0.025070 0.023847
0 0.235102 0.412424 0.032484 0.023847
0 0.307289 0.470250 0.039844 0.044861
0 0.276727 0.490403 0.039844 0.044861
0 0.238281 0.532014 0.039844 0.044861
0 0.426559 0.433444 0.042758 0.038750
0 0.398465 0.446597 0.042758 0.038750
0 0.480777 0.615694 0.065195 0.111944
0 0.377012 0.620556 0.065195 0.111944
0 0.554629 0.465076 0.057695 0.053764
